MLP Test Accuracy: 0.8205
              precision    recall  f1-score   support

           1       0.00      0.00      0.00         1
           2       0.00      0.00      0.00         1
           3       0.80      1.00      0.89         4
           5       1.00      1.00      1.00         1
           6       0.00      0.00      0.00         1
           7       0.00      0.00      0.00         1
          11       0.86      1.00      0.92        12
          12       0.83      0.88      0.86        17
          13       0.00      0.00      0.00         1

    accuracy                           0.82        39
   macro avg       0.39      0.43      0.41        39
weighted avg       0.73      0.82      0.77        39
AUC (macro): 0.8086
AUC (weighted): 0.9281
AUC (per-class): [0.6316, 0.1579, 0.9786, 1.0, 0.6579, 0.9737, 0.9815, 0.9492, 0.9474]
