MLP Test Accuracy: 0.8974
              precision    recall  f1-score   support

           1       1.00      1.00      1.00         1
           2       0.00      0.00      0.00         1
           3       1.00      1.00      1.00         4
           5       1.00      1.00      1.00         1
           6       0.00      0.00      0.00         1
           7       1.00      1.00      1.00         1
          11       0.92      0.92      0.92        12
          12       0.85      1.00      0.92        17
          13       0.00      0.00      0.00         1

    accuracy                           0.90        39
   macro avg       0.64      0.66      0.65        39
weighted avg       0.83      0.90      0.86        39
AUC (macro): 0.9299
AUC (weighted): 0.9686
AUC (per-class): [1.0, 1.0, 1.0, 1.0, 0.4474, 1.0, 0.9537, 0.9947, 0.9737]
