MLP Test Accuracy: 0.8462
              precision    recall  f1-score   support

           1       0.50      1.00      0.67         1
           2       1.00      1.00      1.00         1
           3       0.75      0.75      0.75         4
           5       0.00      0.00      0.00         1
           6       0.00      0.00      0.00         1
           7       0.00      0.00      0.00         1
          11       1.00      0.92      0.96        12
          12       0.84      0.94      0.89        17
          13       1.00      1.00      1.00         1
          15       0.00      0.00      0.00         0

    accuracy                           0.85        39
   macro avg       0.51      0.56      0.53        39
weighted avg       0.82      0.85      0.83        39
AUC (macro): 0.9914
AUC (weighted): 0.9840
AUC (per-class): [0.9737, 1.0, 0.9857, 1.0, 1.0, 1.0, 0.9815, 0.9813, 1.0]
