MLP Test Accuracy: 0.7308
              precision    recall  f1-score   support

           1       0.33      0.50      0.40         2
           2       0.00      0.00      0.00         1
           3       0.67      0.40      0.50         5
           4       0.00      0.00      0.00         1
           5       1.00      1.00      1.00         1
           6       0.00      0.00      0.00         1
           7       0.00      0.00      0.00         1
          11       0.68      0.94      0.79        16
          12       0.83      0.86      0.84        22
          13       0.00      0.00      0.00         2

    accuracy                           0.73        52
   macro avg       0.35      0.37      0.35        52
weighted avg       0.66      0.73      0.68        52
