MLP Test Accuracy: 0.8846
              precision    recall  f1-score   support

           1       0.00      0.00      0.00         2
           2       1.00      1.00      1.00         1
           3       0.80      0.80      0.80         5
           4       0.00      0.00      0.00         1
           5       1.00      1.00      1.00         1
           6       1.00      1.00      1.00         1
           7       0.00      0.00      0.00         1
          11       0.89      1.00      0.94        16
          12       0.88      1.00      0.94        22
          13       1.00      0.50      0.67         2

    accuracy                           0.88        52
   macro avg       0.66      0.63      0.63        52
weighted avg       0.82      0.88      0.85        52
