CNN Test Accuracy: 0.7692
              precision    recall  f1-score   support

           0       1.00      0.50      0.67         2
           1       0.00      0.00      0.00         1
           2       0.80      0.80      0.80         5
           3       0.00      0.00      0.00         1
           4       1.00      1.00      1.00         1
           5       0.00      0.00      0.00         1
           6       0.00      0.00      0.00         1
           7       0.82      0.88      0.85        16
           8       0.79      0.86      0.83        22
           9       1.00      0.50      0.67         2

    accuracy                           0.77        52
   macro avg       0.54      0.45      0.48        52
weighted avg       0.76      0.77      0.76        52
AUC (macro): 0.8474
AUC (weighted): 0.9364
AUC (per-class): [0.98, 0.451, 0.966, 0.7255, 1.0, 0.7255, 0.8431, 0.9774, 0.9455, 0.86]
