CNN Test Accuracy: 0.8654
              precision    recall  f1-score   support

           0       1.00      0.50      0.67         2
           1       0.00      0.00      0.00         1
           2       1.00      1.00      1.00         5
           3       1.00      1.00      1.00         1
           4       1.00      1.00      1.00         1
           5       0.50      1.00      0.67         1
           6       1.00      1.00      1.00         1
           7       0.88      0.88      0.88        16
           8       0.87      0.91      0.89        22
           9       1.00      0.50      0.67         2

    accuracy                           0.87        52
   macro avg       0.82      0.78      0.78        52
weighted avg       0.88      0.87      0.86        52
AUC (macro): 0.9517
AUC (weighted): 0.9562
AUC (per-class): [0.66, 0.9412, 1.0, 1.0, 1.0, 1.0, 1.0, 0.9497, 0.9667, 1.0]
