CNN Test Accuracy: 0.8077
              precision    recall  f1-score   support

           0       0.00      0.00      0.00         2
           1       1.00      1.00      1.00         1
           2       0.83      1.00      0.91         5
           3       0.00      0.00      0.00         1
           4       1.00      1.00      1.00         1
           5       0.00      0.00      0.00         1
           6       0.00      0.00      0.00         1
           7       0.74      0.88      0.80        16
           8       0.84      0.95      0.89        22
           9       0.00      0.00      0.00         2

    accuracy                           0.81        52
   macro avg       0.44      0.48      0.46        52
weighted avg       0.70      0.81      0.75        52
AUC (macro): 0.7843
AUC (weighted): 0.8988
AUC (per-class): [0.49, 1.0, 0.9787, 0.3333, 1.0, 1.0, 0.2549, 0.901, 0.9545, 0.93]
