CNN Test Accuracy: 0.7500
              precision    recall  f1-score   support

           0       0.00      0.00      0.00         2
           1       0.00      0.00      0.00         1
           2       1.00      0.60      0.75         5
           3       0.00      0.00      0.00         1
           4       1.00      1.00      1.00         1
           5       0.00      0.00      0.00         1
           6       0.00      0.00      0.00         1
           7       0.76      0.81      0.79        16
           8       0.71      1.00      0.83        22
           9       0.00      0.00      0.00         2

    accuracy                           0.75        52
   macro avg       0.35      0.34      0.34        52
weighted avg       0.65      0.75      0.69        52
