CNN Test Accuracy: 0.8077
              precision    recall  f1-score   support

           0       0.00      0.00      0.00         2
           1       1.00      1.00      1.00         1
           2       0.75      0.60      0.67         5
           3       0.00      0.00      0.00         1
           4       0.00      0.00      0.00         1
           5       0.00      0.00      0.00         1
           6       0.00      0.00      0.00         1
           7       0.79      0.94      0.86        16
           8       0.81      0.95      0.88        22
           9       1.00      1.00      1.00         2

    accuracy                           0.81        52
   macro avg       0.43      0.45      0.44        52
weighted avg       0.71      0.81      0.76        52
