NAIVE_BAYES Test Accuracy: 0.6923
              precision    recall  f1-score   support

           1       0.00      0.00      0.00         2
           2       0.00      0.00      0.00         1
           3       0.67      0.80      0.73         5
           4       0.00      0.00      0.00         1
           5       1.00      1.00      1.00         1
           6       0.00      0.00      0.00         1
           7       0.00      0.00      0.00         1
          11       0.85      0.69      0.76        16
          12       0.73      0.86      0.79        22
          13       0.25      0.50      0.33         2

    accuracy                           0.69        52
   macro avg       0.35      0.39      0.36        52
weighted avg       0.66      0.69      0.67        52
AUC (macro): 0.8380
