NAIVE_BAYES Test Accuracy: 0.9038
              precision    recall  f1-score   support

           1       0.00      0.00      0.00         2
           2       1.00      1.00      1.00         1
           3       0.80      0.80      0.80         5
           4       0.00      0.00      0.00         1
           5       1.00      1.00      1.00         1
           6       1.00      1.00      1.00         1
           7       1.00      1.00      1.00         1
          11       0.89      1.00      0.94        16
          12       0.96      1.00      0.98        22
          13       1.00      0.50      0.67         2

    accuracy                           0.90        52
   macro avg       0.76      0.73      0.74        52
weighted avg       0.87      0.90      0.88        52
