NAIVE_BAYES Test Accuracy: 0.7500
              precision    recall  f1-score   support

           1       0.00      0.00      0.00         2
           2       0.00      0.00      0.00         1
           3       1.00      0.40      0.57         5
           4       0.00      0.00      0.00         1
           5       1.00      1.00      1.00         1
           6       0.00      0.00      0.00         1
           7       0.00      0.00      0.00         1
          11       0.88      0.94      0.91        16
          12       0.68      0.95      0.79        22
          13       0.00      0.00      0.00         2

    accuracy                           0.75        52
   macro avg       0.36      0.33      0.33        52
weighted avg       0.67      0.75      0.69        52
AUC (macro): 0.7594
AUC (weighted): 0.9051
AUC (per-class): [0.51, 0.4118, 0.983, 0.5, 1.0, 0.3039, 1.0, 0.9931, 0.9121, 0.98]
