NAIVE_BAYES Test Accuracy: 0.6731
              precision    recall  f1-score   support

           1       0.00      0.00      0.00         2
           2       0.00      0.00      0.00         1
           3       1.00      0.40      0.57         5
           4       0.00      0.00      0.00         1
           5       0.00      0.00      0.00         1
           6       0.00      0.00      0.00         1
           7       0.00      0.00      0.00         1
          11       0.71      0.75      0.73        16
          12       0.64      0.95      0.76        22
          13       0.00      0.00      0.00         2

    accuracy                           0.67        52
   macro avg       0.23      0.21      0.21        52
weighted avg       0.58      0.67      0.60        52
