NAIVE_BAYES Test Accuracy: 0.4423
              precision    recall  f1-score   support

           1       0.00      0.00      0.00         2
           2       0.00      0.00      0.00         1
           3       0.33      0.20      0.25         5
           4       0.00      0.00      0.00         1
           5       0.00      0.00      0.00         1
           6       0.00      0.00      0.00         1
           7       0.00      0.00      0.00         1
          11       0.42      0.31      0.36        16
          12       0.46      0.77      0.58        22
          13       0.00      0.00      0.00         2

    accuracy                           0.44        52
   macro avg       0.12      0.13      0.12        52
weighted avg       0.35      0.44      0.38        52
