KNN Test Accuracy: 0.6923
              precision    recall  f1-score   support

           1       0.00      0.00      0.00         1
           2       0.00      0.00      0.00         1
           3       1.00      0.50      0.67         4
           5       1.00      1.00      1.00         1
           6       0.00      0.00      0.00         1
           7       0.00      0.00      0.00         1
          11       0.77      0.83      0.80        12
          12       0.78      0.82      0.80        17
          13       0.00      0.00      0.00         1

    accuracy                           0.69        39
   macro avg       0.39      0.35      0.36        39
weighted avg       0.70      0.69      0.69        39
AUC (macro): 0.8783
AUC (weighted): 0.9121
AUC (per-class): [0.9342, 0.9342, 0.8036, 1.0, 0.4474, 0.9605, 0.9136, 0.9505, 0.9605]
