KNN Test Accuracy: 0.8654
              precision    recall  f1-score   support

           1       0.00      0.00      0.00         2
           2       0.00      0.00      0.00         1
           3       0.83      1.00      0.91         5
           4       0.00      0.00      0.00         1
           5       1.00      1.00      1.00         1
           6       0.00      0.00      0.00         1
           7       0.00      0.00      0.00         1
          11       0.94      1.00      0.97        16
          12       0.81      1.00      0.90        22
          13       1.00      0.50      0.67         2

    accuracy                           0.87        52
   macro avg       0.46      0.45      0.44        52
weighted avg       0.77      0.87      0.81        52
AUC (macro): 0.8461
