KNN Test Accuracy: 0.6346
              precision    recall  f1-score   support

           1       0.00      0.00      0.00         2
           2       0.00      0.00      0.00         1
           3       1.00      0.40      0.57         5
           4       0.00      0.00      0.00         1
           5       1.00      1.00      1.00         1
           6       0.00      0.00      0.00         1
           7       0.00      0.00      0.00         1
          11       0.62      0.81      0.70        16
          12       0.68      0.77      0.72        22
          13       0.00      0.00      0.00         2

    accuracy                           0.63        52
   macro avg       0.33      0.30      0.30        52
weighted avg       0.59      0.63      0.60        52
