KNN Test Accuracy: 0.7179
              precision    recall  f1-score   support

           1       0.00      0.00      0.00         1
           2       0.00      0.00      0.00         1
           3       1.00      0.75      0.86         4
           5       1.00      1.00      1.00         1
           6       0.00      0.00      0.00         1
           7       0.00      0.00      0.00         1
          11       0.71      0.83      0.77        12
          12       0.82      0.82      0.82        17
          13       0.00      0.00      0.00         1
          15       0.00      0.00      0.00         0

    accuracy                           0.72        39
   macro avg       0.35      0.34      0.34        39
weighted avg       0.71      0.72      0.71        39
AUC (macro): 0.8410
AUC (weighted): 0.8967
AUC (per-class): [0.9868, 0.4605, 0.9786, 1.0, 0.4605, 0.9605, 0.8688, 0.9318, 0.9211]
