KNN Test Accuracy: 0.6154
              precision    recall  f1-score   support

           1       0.00      0.00      0.00         2
           2       0.00      0.00      0.00         1
           3       1.00      0.40      0.57         5
           4       0.00      0.00      0.00         1
           5       1.00      1.00      1.00         1
           6       0.00      0.00      0.00         1
           7       0.00      0.00      0.00         1
          11       0.59      0.62      0.61        16
          12       0.66      0.86      0.75        22
          13       0.00      0.00      0.00         2

    accuracy                           0.62        52
   macro avg       0.32      0.29      0.29        52
weighted avg       0.57      0.62      0.58        52
