SVM Test Accuracy: 0.6731
              precision    recall  f1-score   support

           1       0.00      0.00      0.00         2
           2       0.00      0.00      0.00         1
           3       1.00      1.00      1.00         5
           4       0.00      0.00      0.00         1
           5       1.00      1.00      1.00         1
           6       0.00      0.00      0.00         1
           7       0.00      0.00      0.00         1
          11       0.80      0.50      0.62        16
          12       0.83      0.91      0.87        22
          13       0.50      0.50      0.50         2
          14       0.00      0.00      0.00         0
          15       0.00      0.00      0.00         0

    accuracy                           0.67        52
   macro avg       0.34      0.33      0.33        52
weighted avg       0.73      0.67      0.69        52
AUC (macro): -1.0000
