SVM Test Accuracy: 0.8205
              precision    recall  f1-score   support

           1       0.00      0.00      0.00         1
           2       0.00      0.00      0.00         1
           3       0.80      1.00      0.89         4
           4       0.00      0.00      0.00         0
           5       1.00      1.00      1.00         1
           6       0.00      0.00      0.00         1
           7       0.50      1.00      0.67         1
          11       1.00      0.92      0.96        12
          12       0.93      0.82      0.88        17
          13       1.00      1.00      1.00         1
          15       0.00      0.00      0.00         0

    accuracy                           0.82        39
   macro avg       0.48      0.52      0.49        39
weighted avg       0.86      0.82      0.84        39
AUC: -1 (不支持概率预测的分类器)
