SVM Test Accuracy: 0.8205
              precision    recall  f1-score   support

           1       0.25      1.00      0.40         1
           2       0.00      0.00      0.00         1
           3       1.00      0.50      0.67         4
           5       1.00      1.00      1.00         1
           6       0.00      0.00      0.00         1
           7       0.00      0.00      0.00         1
          11       0.86      1.00      0.92        12
          12       0.89      0.94      0.91        17
          13       0.00      0.00      0.00         1

    accuracy                           0.82        39
   macro avg       0.44      0.49      0.43        39
weighted avg       0.79      0.82      0.79        39
AUC: -1 (不支持概率预测的分类器)
