SVM Test Accuracy: 0.8462
              precision    recall  f1-score   support

           1       0.50      0.50      0.50         2
           2       0.00      0.00      0.00         1
           3       1.00      0.60      0.75         5
           4       0.00      0.00      0.00         1
           5       1.00      1.00      1.00         1
           6       0.00      0.00      0.00         1
           7       1.00      1.00      1.00         1
          11       0.94      0.94      0.94        16
          12       0.81      1.00      0.90        22
          13       1.00      0.50      0.67         2

    accuracy                           0.85        52
   macro avg       0.63      0.55      0.58        52
weighted avg       0.83      0.85      0.82        52
