SVM Test Accuracy: 0.8654
              precision    recall  f1-score   support

           1       0.33      0.50      0.40         2
           2       0.00      0.00      0.00         1
           3       0.75      0.60      0.67         5
           4       0.00      0.00      0.00         1
           5       1.00      1.00      1.00         1
           6       0.00      0.00      0.00         1
           7       1.00      1.00      1.00         1
          11       1.00      1.00      1.00        16
          12       0.88      0.95      0.91        22
          13       1.00      1.00      1.00         2

    accuracy                           0.87        52
   macro avg       0.60      0.61      0.60        52
weighted avg       0.84      0.87      0.85        52
